64 100 11 
100 100 3 
64 100 3 
32 100 9 
16 100 17 
8 100 93 
4 100 582 
300 300 41 
256 300 53 
128 300 15 
64 300 15 
32 300 50 
16 300 284 
8 300 2391 
500 500 174 
256 500 54 
128 500 55 
64 500 63 
32 500 198 
16 500 1365 
100 100 5 
64 100 4 
32 100 9 
16 100 17 
8 100 92 
4 100 572 
2 100 5305 
300 300 78 
256 300 57 
128 300 15 
64 300 15 
32 300 44 
16 300 278 
8 300 2136 
4 300 32066 
500 500 329 
256 500 56 
128 500 74 
64 500 100 
32 500 213 
16 500 1438 
8 500 15479 
100 100 1 
64 100 2 
32 100 11 
16 100 21 
8 100 98 
4 100 599 
2 100 5706 
300 300 32 
256 300 21 
128 300 18 
64 300 25 
32 300 55 
16 300 318 
8 300 2756 
4 300 30849 
500 500 320 
256 500 91 
128 500 52 
64 500 90 
32 500 234 
16 500 1452 
8 500 14106 
100 100 1 
64 100 3 
32 100 11 
16 100 18 
8 100 97 
4 100 664 
2 100 6178 
1 100 133830 
300 300 52 
256 300 47 
128 300 16 
64 300 22 
32 300 58 
16 300 326 
8 300 2631 
4 300 25019 
500 500 177 
256 500 58 
128 500 57 
64 500 68 
32 500 224 
16 500 1578 
8 500 14647 
